<?xml version="1.0"?>
<opencv_storage>
<Intrinsics type_id="opencv-matrix">
  <rows>3</rows>
  <cols>3</cols>
  <dt>f</dt>
  <data>
    3.63870093e+003 0. 3.13122955e+002 0. 5.65347266e+003
    2.56977173e+002 0. 0. 1.</data></Intrinsics>
</opencv_storage>
